Touches du clavier:
   a    affiche cette aide
 hHlL   change la taille de la loupe
   i    inverse les couleurs de src
   o    affiche l'image src originale
   s    affiche l'image src seuillée
   1    affiche la transformation 1
   2    affiche la transformation 2
   3    affiche la transformation 3
   4    affiche la transformation 4
  esc   quitte

Transformation 4
Contour 1 : s = { 2, 2, 2, 2, 2, 0, 1, 1, 2, 0, 0, 0, 1, 0, 4, 5, 6, 6, 7, 0, 6, 7, 7, 5, 7, 4, 4, 4, 4, 4, 4, 4, 4, 4, 4, 4}
Contour 2 : s = { 2, 3, 2, 2, 3, 2, 3, 2, 3, 2, 2, 3, 3, 3, 3, 2, 3, 2, 3, 4, 3, 4, 3, 4, 4, 4, 4, 3, 3, 2, 2, 2, 2, 1, 0, 0, 0, 0, 7, 6, 6, 7, 6, 7, 0, 6, 7, 0, 7, 6, 7, 7, 0, 7, 7, 7, 6, 6, 6, 6, 6, 7, 7, 0, 6, 7, 7, 5, 7, 6, 4, 4, 4, 4}
Contour 3 : s = { 2, 1, 2, 1, 1, 2, 1, 0, 1, 3, 3, 0, 0, 0, 0, 0, 1, 2, 1, 1, 2, 2, 2, 2, 2, 2, 2, 2, 0, 0, 7, 1, 7, 0, 0, 0, 0, 0, 1, 0, 1, 0, 7, 1, 1, 0, 6, 6, 6, 6, 6, 4, 4, 4, 4, 4, 4, 4, 4, 4, 4, 4, 4, 4, 4, 4, 5, 6, 6, 6, 6, 6, 7, 6, 2, 3, 3, 5, 5, 6, 5, 6, 6, 4, 5, 5, 5, 6, 4, 5, 5, 6, 6, 4, 4, 4, 4}
Contour 4 : s = { 1, 1, 1, 0, 1, 0, 1, 0, 0, 0, 6, 6, 6, 6, 6, 4, 4, 4, 4, 4, 4, 4, 4, 4, 4, 4}
Contour 5 : s = { 3, 1, 2, 2, 3, 3, 5, 6, 6, 6, 4, 4, 4, 4, 4, 4, 4, 2, 2, 2, 2, 0, 0, 0, 0, 0, 0, 0, 0, 7, 0, 0, 0, 0, 0, 0, 0, 0, 0, 7, 6, 5, 5, 4, 4, 4, 4, 5, 4, 4, 4}
Contour 6 : s = { 2, 3, 4, 4, 3, 2, 2, 2, 0, 0, 0, 0, 7, 6, 6, 6, 5, 7, 0, 0, 1, 1, 0, 0, 1, 2, 2, 1, 2, 0, 7, 0, 7, 6, 6, 5, 4, 4, 4, 4, 4, 4, 4, 5, 6, 4, 4, 4, 4, 4}
Contour 7 : s = { 1, 3, 1, 3, 3, 5, 3, 5, 3, 7, 1, 7, 1, 7, 7, 5, 7, 5, 5}
Contour 8 : s = { 3, 4, 4, 4, 4, 4, 4, 2, 3, 2, 0, 1, 0, 0, 0, 6, 7, 6, 7, 7, 0, 0, 1, 1, 2, 1, 1, 0, 0, 0, 0, 0, 0, 1, 2, 3, 3, 4, 4, 4, 2, 2, 0, 7, 0, 7, 6, 7, 0, 0, 6, 5, 4, 4, 4, 5, 5, 5, 4, 4, 4, 4, 5, 5, 4, 4, 4}
Contour 9 : s = { 2, 2, 0, 0, 0, 1, 1, 2, 3, 4, 4, 4, 4, 4, 4, 3, 3, 2, 3, 3, 4, 4, 5, 5, 6, 5, 6, 4, 4, 4, 3, 4, 2, 1, 2, 0, 0, 0, 0, 0, 0, 1, 0, 0, 7, 7, 0, 0, 0, 0, 7, 7, 7, 0, 0, 0, 7, 6, 4, 4, 5, 6, 5, 4, 5, 4, 4}
Contour 10 : s = { 2, 3, 2, 3, 2, 2, 2, 2, 2, 2, 2, 2, 2, 2, 2, 2, 2, 2, 2, 2, 2, 2, 0, 1, 0, 0, 0, 0, 0, 0, 0, 0, 0, 0, 0, 1, 0, 0, 0, 0, 0, 0, 0, 0, 0, 0, 0, 0, 0, 0, 6, 7, 0, 0, 4, 4, 5, 6, 6, 6, 6, 6, 6, 6, 6, 6, 6, 6, 6, 6, 6, 6, 6, 6, 6, 4, 4, 5, 3, 4, 4, 4, 4, 4, 4, 4, 4, 5, 4, 4, 4, 4, 5, 4, 4, 4, 4, 4, 4, 5, 4, 4}
Contour 11 : s = { 1, 7, 1, 7, 1, 1, 3, 1, 3, 7, 5, 7, 5, 5, 3, 5, 3, 5, 5}
Contour 12 : s = { 2, 3, 2, 2, 3, 4, 4, 3, 3, 4, 4, 5, 7, 6, 6, 6, 5, 4, 4, 4, 4, 2, 2, 2, 1, 0, 0, 1, 2, 0, 0, 0, 0, 6, 7, 0, 0, 0, 0, 0, 0, 0, 7, 6, 6, 5, 4, 5, 4, 4}
Contour 13 : s = { 2, 2, 2, 2, 0, 0, 0, 0, 0, 0, 0, 6, 6, 6, 7, 1, 1, 2, 2, 3, 1, 0, 0, 7, 0, 0, 0, 0, 7, 7, 6, 5, 4, 4, 4, 4, 4, 4, 4, 4, 4, 5, 4, 4, 4, 4, 4, 4, 4, 4, 4}
Contour 14 : s = { 0, 1, 7, 0, 1, 3, 7, 0, 1, 2, 3, 4, 4, 4, 5, 4, 4, 5, 6, 7, 7}
Contour 15 : s = { 3, 4, 4, 4, 4, 3, 3, 2, 1, 0, 0, 0, 0, 0, 0, 0, 0, 0, 1, 0, 0, 0, 0, 0, 0, 0, 0, 6, 6, 6, 6, 4, 4, 4, 4, 4, 4, 4, 2, 2, 2, 3, 5, 5, 6, 6, 7, 5, 4, 4, 4}
Contour 16 : s = { 2, 3, 4, 4, 4, 4, 4, 4, 4, 3, 2, 2, 1, 0, 1, 0, 6, 7, 6, 6, 7, 0, 0, 7, 7, 0, 0, 1, 3, 2, 2, 2, 1, 0, 0, 0, 0, 6, 6, 6, 5, 4, 4, 5, 6, 4, 4, 4, 4, 4}
Contour 17 : s = { 3}
Contour 18 : s = { 3, 3, 4, 4, 4, 4, 3, 3, 3, 4, 4, 4, 3, 2, 0, 0, 1, 2, 1, 0, 1, 0, 6, 6, 4, 4, 4, 5, 5, 6, 7, 0, 0, 0, 0, 0, 0, 7, 7, 6, 7, 7, 0, 0, 1, 1, 2, 1, 2, 0, 0, 0, 7, 0, 6, 5, 6, 4, 4, 4, 4, 4, 4, 5, 4, 4, 4}
Contour 19 : s = { 0, 4, 4}
Contour 20 : s = { 3, 1, 3, 1, 1, 7, 1, 7, 1, 5, 3, 5, 3, 5, 5, 7, 5, 7, 7}
Contour 21 : s = { 1, 5, 5}
Contour 22 : s = { 3, 1, 7, 5, 5}
Contour 23 : s = { 3, 4, 3, 2, 3, 4, 4, 2, 1, 0, 0, 0, 1, 1, 1, 0, 0, 0, 0, 1, 1, 0, 0, 7, 0, 0, 0, 0, 0, 0, 6, 7, 6, 4, 5, 4, 4, 4, 2, 3, 2, 3, 3, 4, 4, 5, 5, 6, 5, 5, 4, 4, 4, 4, 4, 4, 5, 6, 7, 7, 0, 0, 0, 6, 6, 4, 4}
Contour 24 : s = { 3, 3, 4, 4, 4, 2, 2, 2, 1, 3, 2, 2, 2, 2, 2, 2, 1, 2, 2, 2, 2, 2, 1, 0, 1, 2, 1, 0, 0, 0, 0, 0, 0, 7, 0, 0, 0, 0, 7, 7, 6, 6, 6, 6, 7, 6, 6, 6, 6, 6, 6, 7, 6, 6, 6, 5, 7, 7, 5, 4, 4, 4, 4, 4, 4, 4, 4, 4, 4, 4, 4, 5, 4, 4, 4}
Contour 25 : s = { 3, 3, 1, 3, 1, 5, 7, 5, 7, 7, 1, 7, 1, 7, 3, 5, 3, 5, 5}
Contour 26 : s = { 3, 4, 3, 2, 2, 1, 0, 0, 0, 0, 0, 0, 0, 1, 2, 0, 0, 0, 0, 6, 7, 0, 0, 7, 6, 6, 6, 4, 4, 4, 4, 3, 2, 2, 2, 1, 3, 4, 4, 5, 5, 4, 4, 5, 6, 6, 5, 6, 4, 4}
Contour 27 : s = { 3, 4, 4, 4, 4, 4, 4, 4, 4, 4, 3, 2, 1, 1, 0, 0, 0, 0, 1, 0, 0, 7, 5, 6, 6, 7, 7, 1, 2, 2, 2, 0, 0, 0, 0, 0, 0, 0, 6, 6, 6, 6, 4, 4, 4, 4, 4, 4, 4, 4, 4}
Contour 28 : s = { 